1 0.07741935483870968 0.11714285714285715 0.054838709677419356 0.10857142857142857
1 0.21854838709677418 0.12285714285714286 0.0467741935483871 0.08571428571428572
1 0.8951612903225806 0.10285714285714286 0.054838709677419356 0.12
1 0.6395161290322581 0.1757142857142857 0.10806451612903226 0.2257142857142857
1 0.5048387096774194 0.21857142857142858 0.07096774193548387 0.14
1 0.38064516129032255 0.18 0.04516129032258064 0.08571428571428572
1 0.6395161290322581 0.1757142857142857 0.10806451612903226 0.2257142857142857
1 0.8951612903225806 0.10285714285714286 0.054838709677419356 0.12
1 0.38064516129032255 0.18 0.04516129032258064 0.08571428571428572
1 0.5048387096774194 0.21857142857142858 0.07096774193548387 0.14
