1 0.11916666666666667 0.6129271916790491 0.06666666666666667 0.13818722139673106
1 0.23166666666666666 0.5319465081723626 0.065 0.13075780089153047
1 0.18333333333333332 0.2711738484398217 0.05333333333333334 0.1025260029717682
1 0.3258333333333333 0.4591381872213967 0.06 0.12481426448736999
1 0.53 0.6693907875185735 0.06666666666666667 0.1263001485884101
1 0.8016666666666666 0.31203566121842496 0.05 0.1188707280832095
1 0.50625 0.27786032689450224 0.05416666666666667 0.11292719167904904
1 0.5820833333333333 0.2607726597325409 0.050833333333333335 0.09063893016344725
1 0.7441666666666666 0.4138187221396731 0.058333333333333334 0.1263001485884101
1 0.855 0.25334323922734026 0.051666666666666666 0.11738484398216939
0 0.71625 0.13075780089153047 0.03916666666666667 0.0861812778603269
1 0.11166666666666666 0.11441307578008915 0.041666666666666664 0.0713224368499257
1 0.39375 0.13967310549777118 0.03916666666666667 0.08320950965824665
1 0.52 0.05349182763744428 0.03833333333333333 0.07726597325408618
1 0.42 0.3826151560178306 0.058333333333333334 0.12927191679049035
1 0.043333333333333335 0.1612184249628529 0.05 0.09361069836552749
1 0.6520833333333333 0.4539375928677563 0.050833333333333335 0.11441307578008915
1 0.255 0.057206537890044575 0.03666666666666667 0.0787518573551263
1 0.05291666666666667 0.4049034175334324 0.05416666666666667 0.12332838038632987
1 0.6958333333333333 0.8194650817236255 0.085 0.1887072808320951
1 0.595 0.5683506686478454 0.056666666666666664 0.12332838038632987
1 0.7629166666666667 0.048291233283803865 0.035833333333333335 0.07280832095096583
1 0.62125 0.1775631500742942 0.050833333333333335 0.09658246656760773
