1 0.51125 0.7022222222222222 0.1075 0.2577777777777778
1 0.305 0.7055555555555556 0.11 0.19333333333333333
1 0.08 0.7644444444444445 0.12 0.19111111111111112
1 0.696875 0.8266666666666667 0.11875 0.2
1 0.12 0.28555555555555556 0.0775 0.15777777777777777
1 0.26 0.35 0.07 0.14
1 0.404375 0.4777777777777778 0.07875 0.19555555555555557
1 0.338125 0.19666666666666666 0.06375 0.13111111111111112
1 0.45375 0.2777777777777778 0.07 0.14666666666666667
1 0.713125 0.38666666666666666 0.09375 0.17333333333333334
1 0.615 0.57 0.1 0.1711111111111111
1 0.539375 0.4033333333333333 0.06875 0.16666666666666666
1 0.82125 0.6411111111111111 0.0925 0.20222222222222222
1 0.884375 0.40555555555555556 0.09625 0.18
1 0.62 0.3111111111111111 0.07 0.14666666666666667
1 0.1325 0.08222222222222222 0.0675 0.10666666666666667
1 0.63375 0.10777777777777778 0.0725 0.15777777777777777
