1 0.1 0.26285714285714284 0.04838709677419355 0.11428571428571428
1 0.2508064516129032 0.4257142857142857 0.056451612903225805 0.10857142857142857
1 0.1879032258064516 0.4685714285714286 0.056451612903225805 0.10857142857142857
1 0.2564516129032258 0.7657142857142857 0.1032258064516129 0.18857142857142858
1 0.43629032258064515 0.7642857142857142 0.08225806451612903 0.19142857142857142
1 0.7532258064516129 0.5585714285714286 0.05806451612903226 0.11714285714285715
1 0.9580645161290322 0.5928571428571429 0.08387096774193549 0.15714285714285714
1 0.7653225806451613 0.38285714285714284 0.06935483870967742 0.11428571428571428
1 0.25806451612903225 0.2857142857142857 0.054838709677419356 0.09142857142857143
1 0.3580645161290323 0.2842857142857143 0.04838709677419355 0.11714285714285715
1 0.5120967741935484 0.35285714285714287 0.0532258064516129 0.11714285714285715
1 0.6685483870967742 0.3171428571428571 0.056451612903225805 0.11428571428571428
1 0.6153225806451613 0.4057142857142857 0.0467741935483871 0.10285714285714286
1 0.8459677419354839 0.30857142857142855 0.06935483870967742 0.13714285714285715
