0 0.2708978328173375 0.0757847533632287 0.12280701754385964 0.10672645739910314
0 0.43808049535603716 0.07488789237668161 0.08978328173374613 0.09596412556053811
0 0.1042311661506708 0.22600896860986547 0.1197110423116615 0.10224215246636771
0 0.09855521155830753 0.35829596412556053 0.1042311661506708 0.09596412556053811
0 0.1021671826625387 0.5049327354260089 0.11145510835913312 0.10224215246636771
0 0.26986584107327144 0.3654708520179372 0.09184726522187822 0.11031390134529148
0 0.44014447884416924 0.36367713004484303 0.10629514963880289 0.09058295964125561
0 0.6006191950464397 0.35829596412556053 0.11145510835913312 0.09596412556053811
0 0.7693498452012384 0.36367713004484303 0.1001031991744066 0.10672645739910314
0 0.9241486068111455 0.36771300448430494 0.1021671826625387 0.1147982062780269
0 0.2719298245614035 0.21838565022421524 0.12074303405572756 0.10493273542600896
0 0.4375644994840041 0.21973094170403587 0.11558307533539731 0.10762331838565023
0 0.6026831785345718 0.21883408071748878 0.0825593395252838 0.08430493273542601
0 0.7647058823529411 0.23094170403587444 0.11764705882352941 0.08878923766816144
0 0.9174406604747162 0.22466367713004484 0.09700722394220847 0.10493273542600896
0 0.5970072239422085 0.07174887892376682 0.1042311661506708 0.09506726457399103
0 0.7636738906088751 0.08430493273542601 0.11558307533539731 0.11121076233183856
0 0.9143446852425181 0.0757847533632287 0.11558307533539731 0.12286995515695068
0 0.2708978328173375 0.5 0.10835913312693499 0.10493273542600896
0 0.4360165118679051 0.4982062780269058 0.11867905056759546 0.1210762331838565
0 0.5990712074303406 0.49910313901345293 0.10835913312693499 0.10672645739910314
0 0.7683178534571723 0.49865470852017935 0.1393188854489164 0.1147982062780269
0 0.9226006191950464 0.5062780269058296 0.11351909184726522 0.12466367713004484
0 0.1042311661506708 0.6475336322869956 0.10732714138286893 0.10044843049327354
0 0.27915376676986586 0.6506726457399103 0.11042311661506708 0.09417040358744394
0 0.43859649122807015 0.6511210762331838 0.10939112487100103 0.09865470852017937
0 0.5970072239422085 0.6434977578475336 0.09391124871001032 0.10852017937219731
0 0.7574819401444789 0.6520179372197309 0.10319917440660474 0.11300448430493273
0 0.9184726522187823 0.6511210762331838 0.09494324045407637 0.09865470852017937
0 0.10784313725490197 0.7905829596412556 0.10835913312693499 0.10672645739910314
0 0.27812177502579977 0.7905829596412556 0.12280701754385964 0.11569506726457399
0 0.44169246646026833 0.784304932735426 0.13003095975232198 0.11031390134529148
0 0.6016511867905057 0.7923766816143498 0.11764705882352941 0.10672645739910314
0 0.7610939112487101 0.7928251121076233 0.12487100103199174 0.1147982062780269
0 0.9169246646026832 0.7977578475336323 0.13519091847265222 0.10852017937219731
0 0.1021671826625387 0.931390134529148 0.11145510835913312 0.11748878923766816
0 0.28276573787409703 0.9349775784753364 0.11764705882352941 0.10493273542600896
0 0.43859649122807015 0.9345291479820628 0.11764705882352941 0.09865470852017937
0 0.5964912280701754 0.9300448430493273 0.13209494324045407 0.11121076233183856
0 0.7466460268317854 0.9403587443946189 0.10629514963880289 0.11031390134529148
0 0.9195046439628483 0.9318385650224216 0.11558307533539731 0.1273542600896861
