0 0.12333333333333334 0.0975 0.06 0.11166666666666666
0 0.37277777777777776 0.0925 0.06555555555555556 0.115
0 0.6177777777777778 0.11083333333333334 0.06222222222222222 0.11166666666666666
0 0.12555555555555556 0.36 0.07777777777777778 0.11666666666666667
0 0.12833333333333333 0.5908333333333333 0.06777777777777778 0.12166666666666667
0 0.1238888888888889 0.8666666666666667 0.07 0.12666666666666668
0 0.3794444444444444 0.8466666666666667 0.06111111111111111 0.10666666666666667
0 0.6283333333333333 0.84 0.06333333333333334 0.10666666666666667
0 0.36944444444444446 0.595 0.058888888888888886 0.12333333333333334
0 0.6333333333333333 0.5991666666666666 0.07555555555555556 0.11833333333333333
0 0.875 0.6208333333333333 0.06777777777777778 0.125
0 0.89 0.32166666666666666 0.06 0.10666666666666667
0 0.6288888888888889 0.33666666666666667 0.06444444444444444 0.12666666666666668
0 0.8772222222222222 0.8608333333333333 0.06111111111111111 0.115
0 0.37277777777777776 0.3416666666666667 0.05 0.09666666666666666
0 0.8755555555555555 0.12 0.06666666666666667 0.11333333333333333
