0 0.108 0.118 0.09 0.1
0 0.106 0.2895 0.094 0.107
0 0.31 0.2975 0.076 0.107
0 0.502 0.2965 0.082 0.097
0 0.308 0.0985 0.076 0.095
0 0.499 0.114 0.088 0.096
0 0.117 0.4855 0.096 0.101
0 0.301 0.503 0.082 0.098
0 0.494 0.4885 0.094 0.107
0 0.703 0.5035 0.074 0.115
0 0.882 0.501 0.102 0.094
0 0.107 0.6795 0.088 0.099
0 0.304 0.702 0.092 0.136
0 0.108 0.8745 0.098 0.119
0 0.309 0.8735 0.09 0.105
0 0.5 0.8875 0.086 0.111
0 0.699 0.884 0.09 0.092
0 0.4935 0.695 0.107 0.108
0 0.6985 0.692 0.113 0.098
0 0.881 0.8775 0.088 0.109
0 0.894 0.688 0.094 0.098
0 0.696 0.305 0.088 0.108
0 0.8905 0.3015 0.111 0.107
0 0.695 0.1095 0.098 0.117
0 0.881 0.0995 0.096 0.113
