0 0.10583333333333333 0.2846774193548387 0.125 0.14677419354838708
0 0.915 0.3024193548387097 0.12 0.1435483870967742
0 0.10666666666666667 0.8669354838709677 0.08333333333333333 0.11129032258064517
0 0.09833333333333333 0.6943548387096774 0.13 0.15
0 0.3016666666666667 0.6911290322580645 0.09 0.13709677419354838
0 0.7008333333333333 0.7064516129032258 0.07833333333333334 0.1032258064516129
0 0.9 0.7 0.10333333333333333 0.1064516129032258
0 0.09666666666666666 0.08064516129032258 0.09 0.08387096774193549
0 0.2841666666666667 0.10887096774193548 0.115 0.11774193548387096
0 0.49833333333333335 0.10806451612903226 0.11666666666666667 0.12903225806451613
0 0.8983333333333333 0.10887096774193548 0.1 0.12419354838709677
0 0.6866666666666666 0.29516129032258065 0.09333333333333334 0.11935483870967742
0 0.2975 0.8870967741935484 0.08833333333333333 0.11935483870967742
0 0.5033333333333333 0.8991935483870968 0.10333333333333333 0.09838709677419355
0 0.6991666666666667 0.8838709677419355 0.105 0.12903225806451613
0 0.8941666666666667 0.8774193548387097 0.14166666666666666 0.12580645161290321
0 0.1025 0.48870967741935484 0.12166666666666667 0.15161290322580645
0 0.2941666666666667 0.30483870967741933 0.115 0.12903225806451613
0 0.9116666666666666 0.5016129032258064 0.09 0.11935483870967742
0 0.5175 0.6879032258064516 0.13166666666666665 0.13064516129032258
