0 0.08411764705882353 0.3923076923076923 0.12588235294117647 0.3010989010989011
0 0.22705882352941176 0.3978021978021978 0.12 0.29010989010989013
0 0.3711764705882353 0.389010989010989 0.1188235294117647 0.29010989010989013
0 0.08470588235294117 0.7978021978021979 0.12 0.2813186813186813
0 0.22470588235294117 0.7967032967032966 0.11294117647058824 0.2835164835164835
0 0.3723529411764706 0.8098901098901099 0.1188235294117647 0.3010989010989011
0 0.5076470588235295 0.3901098901098901 0.12117647058823529 0.3142857142857143
0 0.6505882352941177 0.3934065934065934 0.11764705882352941 0.29010989010989013
0 0.5135294117647059 0.798901098901099 0.10941176470588235 0.2879120879120879
0 0.6541176470588236 0.8043956043956044 0.11058823529411765 0.2857142857142857
0 0.798235294117647 0.3923076923076923 0.12352941176470589 0.2879120879120879
0 0.9347058823529412 0.3912087912087912 0.12117647058823529 0.2857142857142857
0 0.7929411764705883 0.7945054945054945 0.12 0.2923076923076923
0 0.9323529411764706 0.8 0.1188235294117647 0.27692307692307694
