0 0.1171875 0.18854166666666666 0.10625 0.18958333333333333
0 0.36875 0.18229166666666666 0.13125 0.21458333333333332
0 0.63125 0.1875 0.121875 0.22083333333333333
0 0.125 0.5104166666666666 0.128125 0.21666666666666667
0 0.1234375 0.8479166666666667 0.1375 0.20416666666666666
0 0.384375 0.840625 0.11875 0.21458333333333332
0 0.62265625 0.8458333333333333 0.1484375 0.225
0 0.62734375 0.5020833333333333 0.1359375 0.2125
0 0.371875 0.509375 0.159375 0.20625
0 0.87734375 0.525 0.1296875 0.225
0 0.8734375 0.840625 0.134375 0.22291666666666668
0 0.87578125 0.18333333333333332 0.1453125 0.22083333333333333
