0 0.085625 0.13295880149812733 0.08625 0.15355805243445692
0 0.258125 0.14606741573033707 0.10625 0.15730337078651685
0 0.086875 0.37734082397003743 0.09875 0.16666666666666666
0 0.250625 0.3717228464419476 0.10625 0.16292134831460675
0 0.07625 0.6217228464419475 0.0925 0.1647940074906367
0 0.246875 0.6114232209737828 0.09125 0.15168539325842698
0 0.410625 0.6039325842696629 0.08375 0.15917602996254682
0 0.41625 0.3904494382022472 0.0925 0.1441947565543071
0 0.410625 0.1151685393258427 0.07625 0.15168539325842698
0 0.5825 0.11704119850187265 0.0825 0.15543071161048688
0 0.74375 0.12921348314606743 0.09 0.13857677902621723
0 0.91125 0.12640449438202248 0.09 0.1441947565543071
0 0.576875 0.3651685393258427 0.10125 0.13857677902621723
0 0.748125 0.36329588014981273 0.08125 0.14232209737827714
0 0.580625 0.6329588014981273 0.09875 0.16853932584269662
0 0.08 0.8810861423220974 0.0975 0.15917602996254682
0 0.256875 0.8651685393258427 0.08625 0.16104868913857678
0 0.41125 0.8679775280898876 0.09 0.16292134831460675
0 0.583125 0.8614232209737828 0.08375 0.16104868913857678
0 0.759375 0.8642322097378277 0.09875 0.15917602996254682
0 0.923125 0.8661048689138576 0.09125 0.1704119850187266
0 0.754375 0.6301498127340824 0.09375 0.16292134831460675
0 0.92125 0.6282771535580525 0.095 0.15168539325842698
0 0.909375 0.37640449438202245 0.09625 0.17228464419475656
