0 0.0845724907063197 0.13870967741935483 0.13940520446096655 0.17096774193548386
0 0.2620817843866171 0.1217741935483871 0.1412639405204461 0.15
0 0.4154275092936803 0.13225806451612904 0.1579925650557621 0.16129032258064516
0 0.10130111524163568 0.35161290322580646 0.13940520446096655 0.15806451612903225
0 0.24721189591078066 0.36370967741935484 0.1524163568773234 0.15645161290322582
0 0.4191449814126394 0.3620967741935484 0.12825278810408922 0.1532258064516129
0 0.5734200743494424 0.3596774193548387 0.13197026022304834 0.16451612903225807
0 0.09758364312267657 0.6104838709677419 0.14684014869888476 0.17903225806451614
0 0.09386617100371747 0.8564516129032258 0.13568773234200743 0.15483870967741936
0 0.2611524163568773 0.6072580645161291 0.13197026022304834 0.13709677419354838
0 0.42379182156133827 0.6024193548387097 0.14869888475836432 0.1629032258064516
0 0.5799256505576208 0.6056451612903225 0.11895910780669144 0.1403225806451613
0 0.75 0.6056451612903225 0.15427509293680297 0.14677419354838708
0 0.9117100371747212 0.6056451612903225 0.14684014869888476 0.1629032258064516
0 0.7481412639405205 0.36774193548387096 0.11338289962825279 0.14838709677419354
0 0.5762081784386617 0.12258064516129032 0.1412639405204461 0.13548387096774195
0 0.7472118959107806 0.1346774193548387 0.1449814126394052 0.1693548387096774
0 0.9061338289962825 0.14112903225806453 0.14312267657992564 0.15645161290322582
0 0.912639405204461 0.36693548387096775 0.13382899628252787 0.17258064516129032
0 0.25092936802973975 0.8491935483870968 0.13011152416356878 0.1629032258064516
0 0.41728624535315983 0.8483870967741935 0.15055762081784388 0.18064516129032257
0 0.5864312267657993 0.8620967741935484 0.13568773234200743 0.1435483870967742
0 0.741635687732342 0.8443548387096774 0.137546468401487 0.15645161290322582
0 0.9061338289962825 0.8491935483870968 0.14312267657992564 0.17580645161290323
