0 0.08292682926829269 0.8569682151589242 0.1008130081300813 0.1882640586797066
0 0.08455284552845528 0.17481662591687042 0.1040650406504065 0.18337408312958436
0 0.25609756097560976 0.1687041564792176 0.1024390243902439 0.15158924205378974
0 0.0886178861788618 0.5293398533007335 0.10569105691056911 0.14425427872860636
0 0.42032520325203254 0.508557457212714 0.11219512195121951 0.21026894865525672
0 0.5780487804878048 0.18337408312958436 0.12520325203252033 0.22982885085574573
0 0.4211382113821138 0.17114914425427874 0.1073170731707317 0.19559902200489
0 0.7479674796747967 0.19315403422982885 0.11707317073170732 0.20048899755501223
0 0.9105691056910569 0.16992665036674817 0.1040650406504065 0.24205378973105135
0 0.5886178861788618 0.5061124694376528 0.11382113821138211 0.20537897310513448
0 0.25203252032520324 0.519559902200489 0.13008130081300814 0.1784841075794621
0 0.9089430894308943 0.5073349633251834 0.12032520325203253 0.2078239608801956
0 0.9113821138211382 0.8300733496332519 0.12195121951219512 0.21271393643031786
0 0.24796747967479674 0.8459657701711492 0.10894308943089431 0.20048899755501223
0 0.4138211382113821 0.8374083129584352 0.11869918699186992 0.2176039119804401
0 0.5886178861788618 0.8374083129584352 0.11056910569105691 0.19315403422982885
0 0.751219512195122 0.8447432762836186 0.11056910569105691 0.20293398533007334
0 0.7528455284552845 0.49511002444987773 0.12032520325203253 0.1980440097799511
