0 0.060950413223140494 0.049926578560939794 0.05578512396694215 0.09691629955947137
0 0.18853305785123967 0.05286343612334802 0.058884297520661155 0.10572687224669604
0 0.30578512396694213 0.053597650513950074 0.049586776859504134 0.10425844346549193
0 0.43491735537190085 0.05726872246696035 0.049586776859504134 0.09691629955947137
0 0.5728305785123967 0.053597650513950074 0.0506198347107438 0.08957415565345081
0 0.6802685950413223 0.05800293685756241 0.058884297520661155 0.11013215859030837
0 0.8078512396694215 0.049926578560939794 0.05785123966942149 0.09397944199706314
0 0.9364669421487604 0.05286343612334802 0.06508264462809918 0.1027900146842878
0 0.06301652892561983 0.2290748898678414 0.05785123966942149 0.10572687224669604
0 0.18233471074380164 0.23715124816446403 0.05475206611570248 0.10425844346549193
0 0.306301652892562 0.22834067547723935 0.06301652892561983 0.1130690161527166
0 0.07386363636363637 0.41409691629955947 0.06508264462809918 0.09985315712187959
0 0.1828512396694215 0.4133627019089574 0.05991735537190083 0.13069016152716592
0 0.3068181818181818 0.4199706314243759 0.0640495867768595 0.12041116005873716
0 0.4519628099173554 0.4111600587371512 0.07128099173553719 0.12041116005873716
0 0.5588842975206612 0.2261380323054332 0.0640495867768595 0.12041116005873716
0 0.4493801652892562 0.2173274596182085 0.05578512396694215 0.12041116005873716
0 0.684400826446281 0.24155653450807635 0.060950413223140494 0.1130690161527166
0 0.8192148760330579 0.22687224669603523 0.06818181818181818 0.14243759177679882
0 0.9333677685950413 0.2290748898678414 0.06508264462809918 0.1145374449339207
0 0.5588842975206612 0.40381791483113066 0.06198347107438017 0.1027900146842878
0 0.6942148760330579 0.4104258443465492 0.049586776859504134 0.09251101321585903
0 0.8192148760330579 0.4111600587371512 0.05785123966942149 0.13215859030837004
0 0.9375 0.39500734214390604 0.058884297520661155 0.11747430249632893
0 0.06353305785123967 0.5844346549192364 0.06508264462809918 0.1145374449339207
0 0.18491735537190082 0.5903083700440529 0.05578512396694215 0.10572687224669604
0 0.3047520661157025 0.5961820851688693 0.0640495867768595 0.12041116005873716
0 0.4385330578512397 0.5873715124816447 0.05268595041322314 0.12041116005873716
0 0.568698347107438 0.5888399412628488 0.07128099173553719 0.12334801762114538
0 0.6869834710743802 0.5888399412628488 0.06611570247933884 0.12334801762114538
0 0.8140495867768595 0.5807635829662261 0.06818181818181818 0.1130690161527166
0 0.940599173553719 0.5954478707782672 0.060950413223140494 0.13362701908957417
0 0.06714876033057851 0.7701908957415565 0.06818181818181818 0.1277533039647577
0 0.184400826446281 0.7790014684287812 0.060950413223140494 0.11013215859030837
0 0.30113636363636365 0.7679882525697503 0.07334710743801653 0.13509544787077826
0 0.42458677685950413 0.7606461086637298 0.05991735537190083 0.12334801762114538
0 0.5578512396694215 0.7599118942731278 0.07024793388429752 0.11894273127753303
0 0.684400826446281 0.762848751835536 0.07334710743801653 0.11894273127753303
0 0.8135330578512396 0.7716593245227606 0.06714876033057851 0.1277533039647577
0 0.9411157024793388 0.7577092511013216 0.06611570247933884 0.11160058737151249
0 0.07283057851239669 0.9522760646108663 0.056818181818181816 0.09544787077826726
0 0.18956611570247933 0.9375917767988252 0.06301652892561983 0.12481644640234948
0 0.31456611570247933 0.9412628487518355 0.06714876033057851 0.11747430249632893
0 0.43388429752066116 0.9361233480176211 0.05991735537190083 0.11013215859030837
0 0.5666322314049587 0.9317180616740088 0.06921487603305786 0.1013215859030837
0 0.6885330578512396 0.933186490455213 0.04442148760330578 0.1013215859030837
0 0.806301652892562 0.9412628487518355 0.07747933884297521 0.11747430249632893
0 0.9416322314049587 0.933920704845815 0.07334710743801653 0.1262848751835536
