0 0.09861111111111111 0.15567282321899736 0.1111111111111111 0.2955145118733509
0 0.30486111111111114 0.13984168865435356 0.09305555555555556 0.25857519788918204
0 0.5034722222222222 0.15435356200527706 0.10694444444444444 0.21899736147757257
0 0.7125 0.16886543535620052 0.125 0.2638522427440633
0 0.90625 0.15303430079155672 0.11805555555555555 0.3007915567282322
0 0.09930555555555555 0.5197889182058048 0.11805555555555555 0.3007915567282322
0 0.30416666666666664 0.5118733509234829 0.10555555555555556 0.2638522427440633
0 0.5048611111111111 0.5092348284960422 0.11805555555555555 0.25857519788918204
0 0.7201388888888889 0.5290237467018469 0.13472222222222222 0.3087071240105541
0 0.9027777777777778 0.525065963060686 0.11666666666666667 0.32189973614775724
0 0.09861111111111111 0.8654353562005277 0.12777777777777777 0.2638522427440633
0 0.3055555555555556 0.8799472295514512 0.10277777777777777 0.24010554089709762
0 0.5069444444444444 0.8852242744063324 0.1 0.22955145118733508
0 0.7145833333333333 0.8812664907651715 0.1375 0.23746701846965698
0 0.9083333333333333 0.8759894459102903 0.13055555555555556 0.24802110817941952
