0 0.2530186608122942 0.1827956989247312 0.07354555433589462 0.16774193548387098
0 0.41712403951701427 0.1860215053763441 0.07025246981339188 0.16129032258064516
0 0.5812294182217344 0.18064516129032257 0.07793633369923161 0.15483870967741936
0 0.2557628979143798 0.4967741935483871 0.07244785949506037 0.16344086021505377
0 0.41712403951701427 0.5086021505376344 0.08562019758507135 0.16559139784946236
0 0.5746432491767288 0.5182795698924731 0.07793633369923161 0.18924731182795698
0 0.7486278814489572 0.4956989247311828 0.08342480790340286 0.14408602150537633
0 0.7464324917672887 0.18924731182795698 0.06805708013172337 0.17204301075268819
0 0.9099890230515917 0.5053763440860215 0.07244785949506037 0.16344086021505377
0 0.9061470911086718 0.17956989247311828 0.06476399560922064 0.16989247311827957
0 0.41657519209659716 0.8365591397849462 0.07574094401756312 0.18494623655913978
0 0.08836443468715698 0.8268817204301075 0.07574094401756312 0.17419354838709677
0 0.2508232711306257 0.8354838709677419 0.07574094401756312 0.16559139784946236
0 0.5817782656421515 0.8365591397849462 0.06366630076838639 0.16344086021505377
0 0.7535675082327113 0.8333333333333334 0.07354555433589462 0.15268817204301074
0 0.9110867178924259 0.8365591397849462 0.06586169045005488 0.18064516129032257
